Pokédex
Pokémon
Bag
{STRVAR_1 3, 0, 0}
Save
Options
Exit

Retire



Menu

Pokégear


Talk
Check
Confirm

Exit
Fishing
Next
Back
Confirm
Quit
{STRVAR_1 50, 0, 0}
/
Quit
{STRVAR_1 3, 0, 0}
{ALN_CENTER}x{STRVAR_1 51, 0, 0}
Ball
{ALN_CENTER}LV. {STRVAR_1 52, 0, 0, 65535, 0, 22066, 0, 3458, 12298, 17200, 15672, 49, 0, 0, 0, 46120, 25376, 5, 0, 13132, 52751, 27902, 26080, 21371, 21076, 16726, 24402, 8241, 12853, 8236, 0, 48623, 3463, 12298, 17200, 257, 0, 0, 0, 16763, 25376, 5, 0, 13132, 52751, 27902, 26080, 21371, 21076, 16726, 24402, 8241, 12853, 8236, 11312, 12320, 8236, 13622, 13109, 11317, 12320, 8236, 12850, 13872, 11318, 12320, 8236, 13363, 14389, 8236, 12849, 14642, 11320, 12576, 12855, 12336, 8236, 13617, 14134, 11314, 13344, 11321, 12320, 8236, 11312, 12320, 8236, 13876, 12849, 11312, 12832, 13109, 13879, 8236, 11317, 12320, 8236, 13105, 13105, 11314, 13600, 14130, 12597, 8236, 14130, 12345, 11314, 12832, 12342, 12344, 8236, 12594, 14131, 11313, 12832, 12337, 13879, 8236, 13873, 12855, 11318, 12832, 13364, 12848, 8236, 12856, 12596, 8236, 12849, 13624, 11315, 14368, 13106, 11318, 12320, 8236, 14388, 12854, 11315, 13088, 13876, 11315, 12576, 12850, 14393, 8236, 14129, 12338, 11312, 12832, 14133, 8236, 11312, 12320, 8236, 11312, 12576, 14134, 13110, 17664, 15671, 48367, 3471, 497, 0, 0, 0, 46120, 25376, 5, 0, 13132, 52751, 27902, 26080, 21371, 21076, 16726, 24402, 8241, 12853, 8236, 11312, 12320, 8236, 13622, 13109, 11317, 12320, 8236, 12850, 13872, 11318, 12320, 8236, 13363, 14389, 8236, 12849, 14642, 11320, 12576, 12855, 12336, 8236, 13617, 14134, 11314, 13344, 11321, 12320, 8236, 11312, 12320, 8236, 13876, 12849, 11312, 12832, 13109, 13879, 8236, 11317, 12320, 8236, 13105, 13105, 11314, 13600, 14130, 12597, 8236, 14130, 12345, 11314, 12832, 12342, 12344, 8236, 12594, 14131, 11313, 12832, 12337, 13879, 8236, 13873, 12855, 11318, 12832, 13364, 12848, 8236, 12856, 12596, 8236, 12849, 13624, 11315, 14368, 13106, 11318, 12320, 8236, 14388, 12854, 11315, 13088, 13876, 11315, 12576, 12850, 14393, 8236, 14129, 12338, 11312, 12832, 14133, 8236, 11312, 12320, 8236, 11312, 12576, 14134, 13110, 8236, 13618, 14131, 11318, 13600, 8236, 11312, 12576, 12595, 12851, 8236, 12853, 13623, 11313, 12832, 14647, 12848, 8236, 13874, 14384, 11312, 12832, 13105, 12599, 8236, 12594, 14128, 11318, 12576, 14134, 13874, 8236, 13362, 12340, 11314, 14368, 13362, 11313, 12576, 14386, 13109, 8236, 12856, 13875, 8236, 12593, 12595, 11314, 12576, 13106, 12338, 8236, 12856, 13875, 8236, 13105, 12854, 11314, 12576, 12595, 14640, 8236, 12593, 12595, 11319, 12576, 13106, 12338, 8236, 12856, 13875, 8236, 12849, 13624, 11312, 12576, 14387, 12855, 8236, 12593, 12595, 11320, 12576, 13106, 12338, 8236, 12856, 13875, 8236, 13105, 13875, 11315, 12576, 13108, 14648, 8236, 12856, 13875, 8236, 12849, 13368, 11321, 12576, 13876, 12852, 8236, 12593, 12851, 11312, 12576, 13618, 13879, 8236, 12849, 13624, 11317, 12576, 13106, 13875, 8236, 2560, 12592, 14641, 57917, 977, 0, 0, 0, 46121, 25376, 5, 0, 13132, 52751, 27902, 26080, 21371, 21076, 16726, 24402, 8241, 12853}
Chat
Log

