My Miltank ain’t givin’ me milk\nn’more.\rThis here farm’s got famous milk.\rMost everyone wants a drink.\nIt’ll give me lots o’ milk if’n I feed it\flots o’ Berries, I reckon.
How’d you like my Moomoo Milk?\rIt’s my pride and joy, there.\fGive it to Pokémon to restore HP!\rI’ll give it to ya fer just $500. {YESNO 0}
Here ya go!\nDrink up’n enjoy!\r
Sorry, there.\nNo cash, no sale!
I reckon yer Bag’s full.
You don’t want it?\nCome again, hear?
I best go do my milkin’.
Our milk even goes out to Kanto.\rSo if our own Miltank won’t give\nus any milk, we’re in trouble.
You fixed our Miltank, hon.\nNow it gives Moomoo Milk again.\rHere’s somethin’ fer your trouble.

That there’s Natural Gift.\rIts move type and Power will depend\non the Berry yer Pokémon holds.\rWhen you use it once, the Berry’s gone.\nYou best think how you ought to\fuse it, hon.
I reckon yer Bag’s full.
{ALN_CENTER 478, 300, 313, 318, 318, 310, 303, 65535, 0, 81, 0, 0, 0, 1, 0, 32571, 0, 17200, 52721, 21986, 0, 26736, 52721, 21986, 0, 17120, 52721, 21986, 0, 1, 14146, 60733, 33921, 17096, 52721, 21986, 0, 3, 0, 0, 0, 32995, 128, 2573, 16944, 16706, 60733, 35201, 2573, 81, 0, 0, 0, 1, 0, 32571, 0, 17040, 52721, 21986, 0, 0, 0, 0, 0, 0, 0, 0, 0, 2, 17986, 60733, 44161, 17176, 52721, 21986, 0, 3, 0, 0, 0, 33251, 129, 2573, 16944, 12867, 60733, 46209, 2573, 81, 0, 0, 0, 1, 0, 32571, 0, 17520, 52721, 21986, 0, 17040, 52721, 21986, 0, 17360, 52721, 21986, 0, 3, 14147, 60733, 42370, 17256, 52721, 21986, 0, 3, 0, 0, 0, 33251, 130, 2573, 16944, 16707, 60733, 46210, 2573, 81, 0, 0, 0, 1, 0, 32571, 0, 17360, 52721, 21986, 0, 0, 0, 0, 0, 0, 0, 0, 0, 4, 17987, 60733, 33155, 17336, 52721, 21986, 0, 3, 0, 0, 0, 33251, 131, 2573, 16944, 12868, 60733, 35203, 2573, 81, 0, 0, 0, 1, 0, 32571, 0, 17200, 52721, 21986, 0, 17280, 52721, 21986, 0, 17440, 52721, 21986, 0, 5, 14148, 60733, 38275, 17416, 52721, 21986, 0, 3, 0, 0, 0, 33251, 132, 2573, 16944, 16708, 60733, 41091, 2573, 81, 0, 0, 0, 1, 0, 32571, 0, 17360, 52721, 21986, 0, 0, 0, 0, 0, 0, 0, 0, 0, 6, 17988, 60733, 45187, 17496, 52721, 21986, 0, 3, 0, 0, 0, 33251, 133, 2573, 16944, 12869, 60733, 36228, 2573, 81, 0, 0, 0, 1, 0, 32571, 0, 18160, 52721, 21986, 0, 17200, 52721, 21986, 0, 17840, 52721, 21986, 0, 7, 14149, 60733, 47748, 17576, 52721, 21986, 0, 3, 0, 0, 0, 33251, 134, 2573, 16944, 16709, 60733, 33669, 2573, 81}
{ALN_CENTER 478, 302, 313, 324, 303, 312, 65535, 0, 0, 81, 0, 0, 0, 1, 0, 32571, 0, 17200, 52721, 21986, 0, 26736, 52721, 21986, 0, 17120, 52721, 21986, 0, 1, 14146, 60733, 33921, 17096, 52721, 21986, 0, 3, 0, 0, 0, 32995, 128, 2573, 16944, 16706, 60733, 35201, 2573, 81, 0, 0, 0, 1, 0, 32571, 0, 17040, 52721, 21986, 0, 0, 0, 0, 0, 0, 0, 0, 0, 2, 17986, 60733, 44161, 17176, 52721, 21986, 0, 3, 0, 0, 0, 33251, 129, 2573, 16944, 12867, 60733, 46209, 2573, 81, 0, 0, 0, 1, 0, 32571, 0, 17520, 52721, 21986, 0, 17040, 52721, 21986, 0, 17360, 52721, 21986, 0, 3, 14147, 60733, 42370, 17256, 52721, 21986, 0, 3, 0, 0, 0, 33251, 130, 2573, 16944, 16707, 60733, 46210, 2573, 81, 0, 0, 0, 1, 0, 32571, 0, 17360, 52721, 21986, 0, 0, 0, 0, 0, 0, 0, 0, 0, 4, 17987, 60733, 33155, 17336, 52721, 21986, 0, 3, 0, 0, 0, 33251, 131, 2573, 16944, 12868, 60733, 35203, 2573, 81, 0, 0, 0, 1, 0, 32571, 0, 17200, 52721, 21986, 0, 17280, 52721, 21986, 0, 17440, 52721, 21986, 0, 5, 14148, 60733, 38275, 17416, 52721, 21986, 0, 3, 0, 0, 0, 33251, 132, 2573, 16944, 16708, 60733, 41091, 2573, 81, 0, 0, 0, 1, 0, 32571, 0, 17360, 52721, 21986, 0, 0, 0, 0, 0, 0, 0, 0, 0, 6, 17988, 60733, 45187, 17496, 52721, 21986, 0, 3, 0, 0, 0, 33251, 133, 2573, 16944, 12869, 60733, 36228, 2573, 81, 0, 0, 0, 1, 0, 32571, 0, 18160, 52721, 21986, 0, 17200, 52721, 21986, 0, 17840, 52721, 21986, 0, 7, 14149, 60733, 47748, 17576, 52721, 21986, 0, 3, 0, 0, 0, 33251, 134, 2573, 16944, 16709, 60733, 33669, 2573, 81}
{ALN_CENTER 313, 478, 318, 306, 299, 312, 309, 317, 65535, 0, 13088, 13362, 0, 12298, 13104, 15682, 33251, 49, 0, 0, 0, 8265, 25954, 29811, 26400, 8303, 28516, 27936, 8313, 26989, 27500, 28265, 32994, 11929, 0, 0, 0, 3518, 12298, 13360, 15664, 209, 0, 0, 0, 26708, 29793, 29728, 25960, 25970, 32994, 29593, 20000, 29793, 29301, 27745, 18208, 26217, 11892, 29276, 29769, 8307, 28525, 25974, 29728, 28793, 8293, 28257, 8292, 28496, 25975, 8306, 26999, 27756, 25632, 28773, 28261, 23652, 28526, 8302, 26740, 8293, 25922, 29298, 8313, 25977, 8306, 28496, 50027, 28073, 28271, 26656, 27759, 29540, 23598, 22386, 25960, 8302, 28537, 8309, 29557, 8293, 29801, 28448, 25454, 11365, 29728, 25960, 16928, 29285, 31090, 32994, 29593, 26400, 28271, 11877, 28252, 28505, 8309, 25954, 29811, 29728, 26984, 27502, 26656, 30575, 31008, 30063, 28448, 26485, 29800, 29728, 23663, 30054, 25971, 26912, 11380, 26656, 28271, 46, 0, 65535, 0, 12298, 13616, 113, 0, 0, 0, 30031, 8306, 26989, 27500, 25888, 25974, 8302, 28519, 29541, 28448, 29813, 29728, 8303, 24907, 29806, 11887, 29276, 28499, 26912, 8294, 30063, 8306, 30575, 8302, 26957, 29804, 28257, 8299, 28535, 57966, 39296, 8308, 26983, 25974, 28252, 29557, 24864, 31086, 27936, 27753, 11371, 30496, 57957, 39296, 25970, 26912, 8302, 29300, 30063, 27746, 11877, 15616, 113, 0, 0, 0, 28505, 8309, 26982, 25976, 8292, 30063, 8306, 26957, 29804, 28257, 11371, 26656, 28271, 23598, 20078, 30575, 26912, 8308, 26983, 25974, 8307, 28493, 28015, 28527, 19744, 27753, 8299, 26465, 26977, 11886, 29276, 25928, 25970, 32994, 29593, 29472, 28015, 29797, 26984, 57966, 39296, 26144, 29285, 31008, 30063, 8306, 29300, 30063, 27746, 11877, 15616, 33507, 49, 0, 0, 0, 8265, 25970, 27491, 28271, 31008, 29285, 16928, 26465, 32994, 29593, 26144, 27765, 11884, 0, 0, 0, 3518, 12298, 14128, 15664, 497, 0, 0, 0, 57112, 24108, 5, 0, 5008, 9097, 27140, 26516, 13344, 14391, 8236, 12595, 11320, 13088, 13872, 8236, 14642, 11321, 13088, 12849, 8236, 12339, 11321, 13088, 14129, 8236, 13622}
